file,bytes,sampled,sample_bytes,gz_bytes,xz_bytes,bz2_bytes,cr_gz,cr_xz,cr_bz2,bits_per_byte_gz,H8_est
.tau_ledger/entropy/witness_20250929T042055Z_74353175e75a.json,1051,false,1051,573,644,621,0.545195,0.612750,0.590866,4.361560,5.083267
.tau_ledger/entropy/witness_20250929T042100Z_74353175e75a.json,1051,false,1051,573,644,621,0.545195,0.612750,0.590866,4.361560,5.083267
.tau_ledger/entropy/witness_20250929T043338Z_74353175e75a.json,1051,false,1051,573,644,623,0.545195,0.612750,0.592769,4.361560,5.083589
.tau_ledger/entropy/witness_20250929T043341Z_74353175e75a.json,1051,false,1051,573,644,625,0.545195,0.612750,0.594672,4.361560,5.084030
.tau_ledger/entropy/witness_20250929T043512Z_74353175e75a.json,1051,false,1051,573,644,619,0.545195,0.612750,0.588963,4.361560,5.082999
.tau_ledger/entropy/witness_20250929T043515Z_74353175e75a.json,1051,false,1051,573,644,618,0.545195,0.612750,0.588011,4.361560,5.082999
.tau_ledger/entropy/witness_20250929T045925Z_74353175e75a.json,1051,false,1051,573,644,620,0.545195,0.612750,0.589914,4.361560,5.083529
.tau_ledger/entropy/witness_20250929T063115Z_74353175e75a.json,1051,false,1051,573,644,623,0.545195,0.612750,0.592769,4.361560,5.082592
.tau_ledger/entropy/witness_20250929T063118Z_74353175e75a.json,1051,false,1051,573,644,622,0.545195,0.612750,0.591817,4.361560,5.082717
.tau_ledger/timefold/restore/state_20250929T042104Z_ce6b47f71598/.tau_ledger/entropy/witness_20250929T042100Z_74353175e75a.json,1051,false,1051,573,644,621,0.545195,0.612750,0.590866,4.361560,5.083267
.tau_ledger/timefold/restore/state_20250929T043343Z_ce6b47f71598/.tau_ledger/entropy/witness_20250929T043341Z_74353175e75a.json,1051,false,1051,573,644,625,0.545195,0.612750,0.594672,4.361560,5.084030
